#scalar 1.277054275e-08
